{
 "cells": [
  {
   "cell_type": "code",
   "execution_count": 59,
   "metadata": {
    "collapsed": true
   },
   "outputs": [],
   "source": [
    "import numpy as np\n",
    "import pandas as pd\n",
    "import warnings\n",
    "import matplotlib.pyplot as plt\n",
    "from pandas.tools.plotting import scatter_matrix\n",
    "from sklearn.cluster import KMeans\n",
    "from sklearn.decomposition import PCA\n",
    "from sklearn.linear_model import LinearRegression, Lasso, ElasticNet\n",
    "from sklearn.model_selection import cross_val_score\n",
    "from sklearn.ensemble import RandomForestRegressor\n",
    "\n",
    "warnings.filterwarnings(\"ignore\")\n",
    "%matplotlib inline\n",
    "plt.style.use(\"ggplot\")\n",
    "plt.rcParams[\"figure.figsize\"] = (12, 8)"
   ]
  },
  {
   "cell_type": "code",
   "execution_count": 2,
   "metadata": {
    "collapsed": true
   },
   "outputs": [],
   "source": [
    "fl1 = \"data_files/train.csv\"\n",
    "fl2 = \"data_files/test.csv\""
   ]
  },
  {
   "cell_type": "code",
   "execution_count": 3,
   "metadata": {
    "collapsed": true
   },
   "outputs": [],
   "source": [
    "train_df = pd.read_csv(fl1, header=0)\n",
    "test_df = pd.read_csv(fl2, header=0)"
   ]
  },
  {
   "cell_type": "code",
   "execution_count": 4,
   "metadata": {
    "collapsed": false
   },
   "outputs": [
    {
     "name": "stdout",
     "output_type": "stream",
     "text": [
      "(188318, 132)\n",
      "(125546, 131)\n"
     ]
    }
   ],
   "source": [
    "print(train_df.shape)\n",
    "print(test_df.shape)"
   ]
  },
  {
   "cell_type": "code",
   "execution_count": 61,
   "metadata": {
    "collapsed": true
   },
   "outputs": [],
   "source": [
    "tr_nulls = train_df.isnull().sum().to_frame().transpose()\n",
    "te_nulls = test_df.isnull().sum().to_frame().transpose()"
   ]
  },
  {
   "cell_type": "code",
   "execution_count": 65,
   "metadata": {
    "collapsed": false
   },
   "outputs": [],
   "source": [
    "# for c in te_nulls.columns:\n",
    "#     print(\"{}: {}\".format(c, tr_nulls[c][0]))"
   ]
  },
  {
   "cell_type": "code",
   "execution_count": 5,
   "metadata": {
    "collapsed": false
   },
   "outputs": [
    {
     "data": {
      "text/html": [
       "<div>\n",
       "<table border=\"1\" class=\"dataframe\">\n",
       "  <thead>\n",
       "    <tr style=\"text-align: right;\">\n",
       "      <th></th>\n",
       "      <th>id</th>\n",
       "      <th>cont1</th>\n",
       "      <th>cont2</th>\n",
       "      <th>cont3</th>\n",
       "      <th>cont4</th>\n",
       "      <th>cont5</th>\n",
       "      <th>cont6</th>\n",
       "      <th>cont7</th>\n",
       "      <th>cont8</th>\n",
       "      <th>cont9</th>\n",
       "      <th>cont10</th>\n",
       "      <th>cont11</th>\n",
       "      <th>cont12</th>\n",
       "      <th>cont13</th>\n",
       "      <th>cont14</th>\n",
       "      <th>loss</th>\n",
       "    </tr>\n",
       "  </thead>\n",
       "  <tbody>\n",
       "    <tr>\n",
       "      <th>id</th>\n",
       "      <td>1.000000</td>\n",
       "      <td>0.002130</td>\n",
       "      <td>0.000783</td>\n",
       "      <td>0.000816</td>\n",
       "      <td>0.002578</td>\n",
       "      <td>0.000775</td>\n",
       "      <td>0.001426</td>\n",
       "      <td>0.002209</td>\n",
       "      <td>0.005534</td>\n",
       "      <td>0.001870</td>\n",
       "      <td>0.002582</td>\n",
       "      <td>0.001075</td>\n",
       "      <td>0.000889</td>\n",
       "      <td>0.000442</td>\n",
       "      <td>-0.004924</td>\n",
       "      <td>-0.001122</td>\n",
       "    </tr>\n",
       "    <tr>\n",
       "      <th>cont1</th>\n",
       "      <td>0.002130</td>\n",
       "      <td>1.000000</td>\n",
       "      <td>-0.085180</td>\n",
       "      <td>-0.445431</td>\n",
       "      <td>0.367549</td>\n",
       "      <td>-0.025230</td>\n",
       "      <td>0.758315</td>\n",
       "      <td>0.367384</td>\n",
       "      <td>0.361163</td>\n",
       "      <td>0.929912</td>\n",
       "      <td>0.808551</td>\n",
       "      <td>0.596090</td>\n",
       "      <td>0.614225</td>\n",
       "      <td>0.534850</td>\n",
       "      <td>0.056688</td>\n",
       "      <td>-0.010237</td>\n",
       "    </tr>\n",
       "    <tr>\n",
       "      <th>cont2</th>\n",
       "      <td>0.000783</td>\n",
       "      <td>-0.085180</td>\n",
       "      <td>1.000000</td>\n",
       "      <td>0.455861</td>\n",
       "      <td>0.038693</td>\n",
       "      <td>0.191427</td>\n",
       "      <td>0.015864</td>\n",
       "      <td>0.048187</td>\n",
       "      <td>0.137468</td>\n",
       "      <td>-0.032729</td>\n",
       "      <td>0.063526</td>\n",
       "      <td>0.116824</td>\n",
       "      <td>0.106250</td>\n",
       "      <td>0.023335</td>\n",
       "      <td>-0.045584</td>\n",
       "      <td>0.141528</td>\n",
       "    </tr>\n",
       "    <tr>\n",
       "      <th>cont3</th>\n",
       "      <td>0.000816</td>\n",
       "      <td>-0.445431</td>\n",
       "      <td>0.455861</td>\n",
       "      <td>1.000000</td>\n",
       "      <td>-0.341633</td>\n",
       "      <td>0.089417</td>\n",
       "      <td>-0.349278</td>\n",
       "      <td>0.097516</td>\n",
       "      <td>-0.185432</td>\n",
       "      <td>-0.417054</td>\n",
       "      <td>-0.325562</td>\n",
       "      <td>0.025271</td>\n",
       "      <td>0.006111</td>\n",
       "      <td>-0.418203</td>\n",
       "      <td>-0.039592</td>\n",
       "      <td>0.111053</td>\n",
       "    </tr>\n",
       "    <tr>\n",
       "      <th>cont4</th>\n",
       "      <td>0.002578</td>\n",
       "      <td>0.367549</td>\n",
       "      <td>0.038693</td>\n",
       "      <td>-0.341633</td>\n",
       "      <td>1.000000</td>\n",
       "      <td>0.163748</td>\n",
       "      <td>0.220932</td>\n",
       "      <td>-0.115064</td>\n",
       "      <td>0.528740</td>\n",
       "      <td>0.328961</td>\n",
       "      <td>0.283294</td>\n",
       "      <td>0.120927</td>\n",
       "      <td>0.130453</td>\n",
       "      <td>0.179342</td>\n",
       "      <td>0.017445</td>\n",
       "      <td>-0.035831</td>\n",
       "    </tr>\n",
       "    <tr>\n",
       "      <th>cont5</th>\n",
       "      <td>0.000775</td>\n",
       "      <td>-0.025230</td>\n",
       "      <td>0.191427</td>\n",
       "      <td>0.089417</td>\n",
       "      <td>0.163748</td>\n",
       "      <td>1.000000</td>\n",
       "      <td>-0.149810</td>\n",
       "      <td>-0.249344</td>\n",
       "      <td>0.009015</td>\n",
       "      <td>-0.088202</td>\n",
       "      <td>-0.064967</td>\n",
       "      <td>-0.151548</td>\n",
       "      <td>-0.148217</td>\n",
       "      <td>-0.082915</td>\n",
       "      <td>-0.021638</td>\n",
       "      <td>-0.011355</td>\n",
       "    </tr>\n",
       "    <tr>\n",
       "      <th>cont6</th>\n",
       "      <td>0.001426</td>\n",
       "      <td>0.758315</td>\n",
       "      <td>0.015864</td>\n",
       "      <td>-0.349278</td>\n",
       "      <td>0.220932</td>\n",
       "      <td>-0.149810</td>\n",
       "      <td>1.000000</td>\n",
       "      <td>0.658918</td>\n",
       "      <td>0.437437</td>\n",
       "      <td>0.797544</td>\n",
       "      <td>0.883351</td>\n",
       "      <td>0.773745</td>\n",
       "      <td>0.785144</td>\n",
       "      <td>0.815091</td>\n",
       "      <td>0.042178</td>\n",
       "      <td>0.040967</td>\n",
       "    </tr>\n",
       "    <tr>\n",
       "      <th>cont7</th>\n",
       "      <td>0.002209</td>\n",
       "      <td>0.367384</td>\n",
       "      <td>0.048187</td>\n",
       "      <td>0.097516</td>\n",
       "      <td>-0.115064</td>\n",
       "      <td>-0.249344</td>\n",
       "      <td>0.658918</td>\n",
       "      <td>1.000000</td>\n",
       "      <td>0.142042</td>\n",
       "      <td>0.384343</td>\n",
       "      <td>0.492621</td>\n",
       "      <td>0.747108</td>\n",
       "      <td>0.742712</td>\n",
       "      <td>0.288395</td>\n",
       "      <td>0.022286</td>\n",
       "      <td>0.119799</td>\n",
       "    </tr>\n",
       "    <tr>\n",
       "      <th>cont8</th>\n",
       "      <td>0.005534</td>\n",
       "      <td>0.361163</td>\n",
       "      <td>0.137468</td>\n",
       "      <td>-0.185432</td>\n",
       "      <td>0.528740</td>\n",
       "      <td>0.009015</td>\n",
       "      <td>0.437437</td>\n",
       "      <td>0.142042</td>\n",
       "      <td>1.000000</td>\n",
       "      <td>0.452658</td>\n",
       "      <td>0.336588</td>\n",
       "      <td>0.302381</td>\n",
       "      <td>0.315904</td>\n",
       "      <td>0.476402</td>\n",
       "      <td>0.043539</td>\n",
       "      <td>0.030508</td>\n",
       "    </tr>\n",
       "    <tr>\n",
       "      <th>cont9</th>\n",
       "      <td>0.001870</td>\n",
       "      <td>0.929912</td>\n",
       "      <td>-0.032729</td>\n",
       "      <td>-0.417054</td>\n",
       "      <td>0.328961</td>\n",
       "      <td>-0.088202</td>\n",
       "      <td>0.797544</td>\n",
       "      <td>0.384343</td>\n",
       "      <td>0.452658</td>\n",
       "      <td>1.000000</td>\n",
       "      <td>0.785697</td>\n",
       "      <td>0.608000</td>\n",
       "      <td>0.626656</td>\n",
       "      <td>0.642028</td>\n",
       "      <td>0.074154</td>\n",
       "      <td>0.014456</td>\n",
       "    </tr>\n",
       "    <tr>\n",
       "      <th>cont10</th>\n",
       "      <td>0.002582</td>\n",
       "      <td>0.808551</td>\n",
       "      <td>0.063526</td>\n",
       "      <td>-0.325562</td>\n",
       "      <td>0.283294</td>\n",
       "      <td>-0.064967</td>\n",
       "      <td>0.883351</td>\n",
       "      <td>0.492621</td>\n",
       "      <td>0.336588</td>\n",
       "      <td>0.785697</td>\n",
       "      <td>1.000000</td>\n",
       "      <td>0.702896</td>\n",
       "      <td>0.713812</td>\n",
       "      <td>0.707876</td>\n",
       "      <td>0.041808</td>\n",
       "      <td>0.020236</td>\n",
       "    </tr>\n",
       "    <tr>\n",
       "      <th>cont11</th>\n",
       "      <td>0.001075</td>\n",
       "      <td>0.596090</td>\n",
       "      <td>0.116824</td>\n",
       "      <td>0.025271</td>\n",
       "      <td>0.120927</td>\n",
       "      <td>-0.151548</td>\n",
       "      <td>0.773745</td>\n",
       "      <td>0.747108</td>\n",
       "      <td>0.302381</td>\n",
       "      <td>0.608000</td>\n",
       "      <td>0.702896</td>\n",
       "      <td>1.000000</td>\n",
       "      <td>0.994384</td>\n",
       "      <td>0.466247</td>\n",
       "      <td>0.047293</td>\n",
       "      <td>0.099806</td>\n",
       "    </tr>\n",
       "    <tr>\n",
       "      <th>cont12</th>\n",
       "      <td>0.000889</td>\n",
       "      <td>0.614225</td>\n",
       "      <td>0.106250</td>\n",
       "      <td>0.006111</td>\n",
       "      <td>0.130453</td>\n",
       "      <td>-0.148217</td>\n",
       "      <td>0.785144</td>\n",
       "      <td>0.742712</td>\n",
       "      <td>0.315904</td>\n",
       "      <td>0.626656</td>\n",
       "      <td>0.713812</td>\n",
       "      <td>0.994384</td>\n",
       "      <td>1.000000</td>\n",
       "      <td>0.478677</td>\n",
       "      <td>0.050267</td>\n",
       "      <td>0.098724</td>\n",
       "    </tr>\n",
       "    <tr>\n",
       "      <th>cont13</th>\n",
       "      <td>0.000442</td>\n",
       "      <td>0.534850</td>\n",
       "      <td>0.023335</td>\n",
       "      <td>-0.418203</td>\n",
       "      <td>0.179342</td>\n",
       "      <td>-0.082915</td>\n",
       "      <td>0.815091</td>\n",
       "      <td>0.288395</td>\n",
       "      <td>0.476402</td>\n",
       "      <td>0.642028</td>\n",
       "      <td>0.707876</td>\n",
       "      <td>0.466247</td>\n",
       "      <td>0.478677</td>\n",
       "      <td>1.000000</td>\n",
       "      <td>0.047543</td>\n",
       "      <td>-0.004022</td>\n",
       "    </tr>\n",
       "    <tr>\n",
       "      <th>cont14</th>\n",
       "      <td>-0.004924</td>\n",
       "      <td>0.056688</td>\n",
       "      <td>-0.045584</td>\n",
       "      <td>-0.039592</td>\n",
       "      <td>0.017445</td>\n",
       "      <td>-0.021638</td>\n",
       "      <td>0.042178</td>\n",
       "      <td>0.022286</td>\n",
       "      <td>0.043539</td>\n",
       "      <td>0.074154</td>\n",
       "      <td>0.041808</td>\n",
       "      <td>0.047293</td>\n",
       "      <td>0.050267</td>\n",
       "      <td>0.047543</td>\n",
       "      <td>1.000000</td>\n",
       "      <td>0.019298</td>\n",
       "    </tr>\n",
       "    <tr>\n",
       "      <th>loss</th>\n",
       "      <td>-0.001122</td>\n",
       "      <td>-0.010237</td>\n",
       "      <td>0.141528</td>\n",
       "      <td>0.111053</td>\n",
       "      <td>-0.035831</td>\n",
       "      <td>-0.011355</td>\n",
       "      <td>0.040967</td>\n",
       "      <td>0.119799</td>\n",
       "      <td>0.030508</td>\n",
       "      <td>0.014456</td>\n",
       "      <td>0.020236</td>\n",
       "      <td>0.099806</td>\n",
       "      <td>0.098724</td>\n",
       "      <td>-0.004022</td>\n",
       "      <td>0.019298</td>\n",
       "      <td>1.000000</td>\n",
       "    </tr>\n",
       "  </tbody>\n",
       "</table>\n",
       "</div>"
      ],
      "text/plain": [
       "              id     cont1     cont2     cont3     cont4     cont5     cont6  \\\n",
       "id      1.000000  0.002130  0.000783  0.000816  0.002578  0.000775  0.001426   \n",
       "cont1   0.002130  1.000000 -0.085180 -0.445431  0.367549 -0.025230  0.758315   \n",
       "cont2   0.000783 -0.085180  1.000000  0.455861  0.038693  0.191427  0.015864   \n",
       "cont3   0.000816 -0.445431  0.455861  1.000000 -0.341633  0.089417 -0.349278   \n",
       "cont4   0.002578  0.367549  0.038693 -0.341633  1.000000  0.163748  0.220932   \n",
       "cont5   0.000775 -0.025230  0.191427  0.089417  0.163748  1.000000 -0.149810   \n",
       "cont6   0.001426  0.758315  0.015864 -0.349278  0.220932 -0.149810  1.000000   \n",
       "cont7   0.002209  0.367384  0.048187  0.097516 -0.115064 -0.249344  0.658918   \n",
       "cont8   0.005534  0.361163  0.137468 -0.185432  0.528740  0.009015  0.437437   \n",
       "cont9   0.001870  0.929912 -0.032729 -0.417054  0.328961 -0.088202  0.797544   \n",
       "cont10  0.002582  0.808551  0.063526 -0.325562  0.283294 -0.064967  0.883351   \n",
       "cont11  0.001075  0.596090  0.116824  0.025271  0.120927 -0.151548  0.773745   \n",
       "cont12  0.000889  0.614225  0.106250  0.006111  0.130453 -0.148217  0.785144   \n",
       "cont13  0.000442  0.534850  0.023335 -0.418203  0.179342 -0.082915  0.815091   \n",
       "cont14 -0.004924  0.056688 -0.045584 -0.039592  0.017445 -0.021638  0.042178   \n",
       "loss   -0.001122 -0.010237  0.141528  0.111053 -0.035831 -0.011355  0.040967   \n",
       "\n",
       "           cont7     cont8     cont9    cont10    cont11    cont12    cont13  \\\n",
       "id      0.002209  0.005534  0.001870  0.002582  0.001075  0.000889  0.000442   \n",
       "cont1   0.367384  0.361163  0.929912  0.808551  0.596090  0.614225  0.534850   \n",
       "cont2   0.048187  0.137468 -0.032729  0.063526  0.116824  0.106250  0.023335   \n",
       "cont3   0.097516 -0.185432 -0.417054 -0.325562  0.025271  0.006111 -0.418203   \n",
       "cont4  -0.115064  0.528740  0.328961  0.283294  0.120927  0.130453  0.179342   \n",
       "cont5  -0.249344  0.009015 -0.088202 -0.064967 -0.151548 -0.148217 -0.082915   \n",
       "cont6   0.658918  0.437437  0.797544  0.883351  0.773745  0.785144  0.815091   \n",
       "cont7   1.000000  0.142042  0.384343  0.492621  0.747108  0.742712  0.288395   \n",
       "cont8   0.142042  1.000000  0.452658  0.336588  0.302381  0.315904  0.476402   \n",
       "cont9   0.384343  0.452658  1.000000  0.785697  0.608000  0.626656  0.642028   \n",
       "cont10  0.492621  0.336588  0.785697  1.000000  0.702896  0.713812  0.707876   \n",
       "cont11  0.747108  0.302381  0.608000  0.702896  1.000000  0.994384  0.466247   \n",
       "cont12  0.742712  0.315904  0.626656  0.713812  0.994384  1.000000  0.478677   \n",
       "cont13  0.288395  0.476402  0.642028  0.707876  0.466247  0.478677  1.000000   \n",
       "cont14  0.022286  0.043539  0.074154  0.041808  0.047293  0.050267  0.047543   \n",
       "loss    0.119799  0.030508  0.014456  0.020236  0.099806  0.098724 -0.004022   \n",
       "\n",
       "          cont14      loss  \n",
       "id     -0.004924 -0.001122  \n",
       "cont1   0.056688 -0.010237  \n",
       "cont2  -0.045584  0.141528  \n",
       "cont3  -0.039592  0.111053  \n",
       "cont4   0.017445 -0.035831  \n",
       "cont5  -0.021638 -0.011355  \n",
       "cont6   0.042178  0.040967  \n",
       "cont7   0.022286  0.119799  \n",
       "cont8   0.043539  0.030508  \n",
       "cont9   0.074154  0.014456  \n",
       "cont10  0.041808  0.020236  \n",
       "cont11  0.047293  0.099806  \n",
       "cont12  0.050267  0.098724  \n",
       "cont13  0.047543 -0.004022  \n",
       "cont14  1.000000  0.019298  \n",
       "loss    0.019298  1.000000  "
      ]
     },
     "execution_count": 5,
     "metadata": {},
     "output_type": "execute_result"
    }
   ],
   "source": [
    "train_df.corr()"
   ]
  },
  {
   "cell_type": "code",
   "execution_count": 6,
   "metadata": {
    "collapsed": false,
    "scrolled": false
   },
   "outputs": [],
   "source": [
    "# scatter_matrix(train_df, alpha=0.2, diagonal='kde')"
   ]
  },
  {
   "cell_type": "code",
   "execution_count": 7,
   "metadata": {
    "collapsed": false
   },
   "outputs": [
    {
     "name": "stdout",
     "output_type": "stream",
     "text": [
      "0.67\n",
      "121012.25\n"
     ]
    }
   ],
   "source": [
    "print(train_df['loss'].min())\n",
    "print(train_df['loss'].max())"
   ]
  },
  {
   "cell_type": "code",
   "execution_count": 8,
   "metadata": {
    "collapsed": false
   },
   "outputs": [
    {
     "data": {
      "text/plain": [
       "<matplotlib.axes._subplots.AxesSubplot at 0x118129240>"
      ]
     },
     "execution_count": 8,
     "metadata": {},
     "output_type": "execute_result"
    },
    {
     "data": {
      "image/png": "iVBORw0KGgoAAAANSUhEUgAAAvgAAAHjCAYAAABW22smAAAABHNCSVQICAgIfAhkiAAAAAlwSFlz\nAAALEgAACxIB0t1+/AAAIABJREFUeJzt3X9w0/dh//GXJEOYbMVCsp0z+CgLDpdF5lexNyCb+dUd\nHeQa6K1e2rukTuFuhPAjypqkXK7LXcvS/CLGYEwznDVJ2WVhl9hb1tzyR7CBC+6d3ODUmLFUM3Ah\n4NqWasUGEyzr8/2DWt86No0AWx/n7efjjsOft/SR3p9X7sjLH731+Tgsy7IEAAAAwAhOuycAAAAA\nYPRQ8AEAAACDUPABAAAAg1DwAQAAAINQ8AEAAACDUPABAAAAg2Sk880uXbqkn/70p/r444/lcDj0\n0EMPKT8/X7t27VJnZ6fy8vIUDAbldrslSbW1taqvr5fL5VJ5ebnmzZsnSWpra1N1dbX6+/u1YMEC\nlZeXS5Li8biqqqrU1tYmj8ejYDConJycL5xXa2urAoHAmB03/jjytw/Z24v87UX+9iF7e5G/vdKR\nf1rP4P/sZz/TggULVFFRoeeff17Tp09XXV2d5syZo8rKSgUCAdXW1kqSzp07p8bGRlVUVGj79u2q\nqanR4CX7a2pqtHHjRlVWVurChQtqbm6WJB06dEhZWVnavXu31qxZowMHDqQ0r9bW1rE5YKSE/O1D\n9vYif3uRv33I3l7kb6905J+2gn/p0iWdOnVKy5cvlyS5XC653W41NTVp6dKlkqRly5YpFApJkpqa\nmrRkyRK5XC7l5eUpPz9f4XBY3d3d6uvrU2FhoSSptLQ0uU8oFEq+1qJFi9TS0pKuwwMAAADGhbQt\n0eno6JDH41F1dbXOnj2r22+/XeXl5YrFYvJ6vZIkr9erWCwmSYpGo5o9e3Zyf5/Pp2g0KpfLJb/f\nnxz3+/2KRqPJfQYfczqdyszMVG9vr7KystJ1mAAAAICt0lbwE4mETp8+rfXr12vWrFl65ZVXVFdX\nN+x5Dodj1N5zcEnP57W2tg75eKSsrGzU3hPXj/ztQ/b2In97kb99yN5e5G+vsrIyHTx4MLkdCARG\nfU1+2gq+z+eT3+/XrFmzJF1dQlNXVyev16vu7u7k39nZ2cnnd3V1JfePRCLy+Xzy+XyKRCLDxgf3\nGdxOJBLq6+sb8ez9SEGeP39+1I8ZqfF4POrp6bF7GhMS2duL/O1F/vYhe3uRv72mTZs25r9kpW0N\nvtfrld/vTxbplpYWFRQUaOHChWpoaJAkNTQ0qLi4WJJUXFysY8eOKR6Pq6OjQ+3t7SosLJTX65Xb\n7VY4HJZlWTpy5IhKSkqS+xw+fFiS1NjYqKKionQdHgAAADAuOKxrrWMZA2fOnNFLL72keDyu2267\nTZs2bVIikVBFRYW6urqUm5urYDCozMxMSVcvk3no0CFlZGQMu0zm3r17k5fJfPDBByVJ/f392rNn\nj86cOSOPx6Nt27YpLy8vpblxBt8+nEmwD9nbi/ztRf72IXt7kb+9pk2bNubvkdaCP55R8O3DPzT2\nIXt7kb+9yN8+ZG8v8rdXOgo+d7IFAAAADELBBwAAAAxCwQcAAAAMQsEHAAAADELBBwAAAAxCwQcA\nAAAMQsEHAAAADELBBwAAAAxCwQcAAAAMkmH3BMazy598oosj3OE2c9o0TZk+3YYZAQAAAH8cBf+P\nuHj+vN5du3bY+Kq6Ogo+AAAAxiWW6AAAAAAGoeADAAAABqHgAwAAAAah4AMAAAAGoeADAAAABqHg\nAwAAAAah4AMAAAAGoeADAAAABqHgAwAAAAah4AMAAAAGoeADAAAABqHgAwAAAAah4AMAAAAGoeAD\nAAAABqHgAwAAAAah4AMAAAAGoeADAAAABqHgAwAAAAah4AMAAAAGoeADAAAABqHgAwAAAAah4AMA\nAAAGoeADAAAABqHgAwAAAAah4AMAAAAGoeADAAAABqHgAwAAAAah4AMAAAAGoeADAAAABqHgAwAA\nAAah4AMAAAAGoeADAAAABqHgAwAAAAah4AMAAAAGoeADAAAABqHgAwAAAAah4AMAAAAGoeADAAAA\nBqHgAwAAAAah4AMAAAAGoeADAAAABqHgAwAAAAah4AMAAAAGoeADAAAABqHgAwAAAAah4AMAAAAG\noeADAAAABqHgAwAAAAah4AMAAAAGoeADAAAABqHgAwAAAAah4AMAAAAGoeADAAAABqHgAwAAAAah\n4AMAAAAGyUjnmz388MNyu91yOBxyuVz6yU9+ot7eXu3atUudnZ3Ky8tTMBiU2+2WJNXW1qq+vl4u\nl0vl5eWaN2+eJKmtrU3V1dXq7+/XggULVF5eLkmKx+OqqqpSW1ubPB6PgsGgcnJy0nmIAAAAgK3S\negbf4XDoqaee0nPPPaef/OQnkqS6ujrNmTNHlZWVCgQCqq2tlSSdO3dOjY2Nqqio0Pbt21VTUyPL\nsiRJNTU12rhxoyorK3XhwgU1NzdLkg4dOqSsrCzt3r1ba9as0YEDB9J5eAAAAIDt0lrwLctKlvRB\nTU1NWrp0qSRp2bJlCoVCyfElS5bI5XIpLy9P+fn5CofD6u7uVl9fnwoLCyVJpaWlyX1CoVDytRYt\nWqSWlpZ0HRoAAAAwLqR1iY7D4dCOHTvkdDr1ta99TStXrlQsFpPX65Ukeb1exWIxSVI0GtXs2bOT\n+/p8PkWjUblcLvn9/uS43+9XNBpN7jP4mNPpVGZmpnp7e5WVlZWuQwQAAABsldaC/+Mf/1hTp07V\np59+qh07dmjatGnDnuNwOEbt/T7/acGg1tZWtba2JrfLysrk8XiGPS/mco24f4bLNeLzcWMmT55M\nnjYhe3uRv73I3z5kby/yt9/BgweTPwcCAQUCgVF9/bQW/KlTp0qSbr31VpWUlCgcDsvr9aq7uzv5\nd3Z2tqSrZ+y7urqS+0YiEfl8Pvl8PkUikWHjg/sMbicSCfX19Y149n6kIHt6eoY9Lz4wMOJxxAcG\nRnw+bozH4yFPm5C9vcjfXuRvH7K3F/nby+PxqKysbEzfI21r8D/77DNdvnxZknT58mX9+te/1owZ\nM7Rw4UI1NDRIkhoaGlRcXCxJKi4u1rFjxxSPx9XR0aH29nYVFhbK6/XK7XYrHA7LsiwdOXJEJSUl\nyX0OHz4sSWpsbFRRUVG6Dg8AAAAYF9J2Bj8Wi+n555+Xw+HQwMCA/uqv/krz5s3TrFmzVFFRofr6\neuXm5ioYDEqSCgoKtHjxYgWDQWVkZGjDhg3J5Tvr16/X3r17k5fJnD9/viRpxYoV2rNnj7Zu3SqP\nx6Nt27al6/AAAACAccFhXWuh+gRz/vz5YWORUEjvrl07bHxVXZ38v//UADePjwrtQ/b2In97kb99\nyN5e5G+vkb6DOtq4ky0AAABgEAo+AAAAYBAKPgAAAGAQCj4AAABgEAo+AAAAYBAKPgAAAGAQCj4A\nAABgEAo+AAAAYBAKPgAAAGAQCj4AAABgEAo+AAAAYBAKPgAAAGAQCj4AAABgkAy7JzBedH/44ZDt\nSbfeatNMAAAAgBtHwf+9d1avHrJdtGWLClautGk2AAAAwI1hiQ4AAABgEAo+AAAAYBAKPgAAAGAQ\nCj4AAABgEAo+AAAAYBAKPgAAAGAQCj4AAABgEAo+AAAAYBAKPgAAAGAQCj4AAABgEAo+AAAAYBAK\nPgAAAGAQCj4AAABgEAo+AAAAYBAKPgAAAGAQCj4AAABgEAo+AAAAYBAKPgAAAGAQCj4AAABgEAo+\nAAAAYBAKPgAAAGAQCj4AAABgEAo+AAAAYBAKPgAAAGAQCj4AAABgEAo+AAAAYBAKPgAAAGAQCj4A\nAABgEAo+AAAAYBAKPgAAAGAQCj4AAABgEAo+AAAAYBAKPgAAAGAQCj4AAABgEAo+AAAAYBAKPgAA\nAGAQCj4AAABgEAo+AAAAYBAKPgAAAGAQCj4AAABgEAo+AAAAYBAKPgAAAGAQCj4AAABgEAo+AAAA\nYBAKPgAAAGAQCj4AAABgEAo+AAAAYBAKPgAAAGAQCj4AAABgEAo+AAAAYJCMdL9hIpHQ9u3b5fP5\n9MQTT6i3t1e7du1SZ2en8vLyFAwG5Xa7JUm1tbWqr6+Xy+VSeXm55s2bJ0lqa2tTdXW1+vv7tWDB\nApWXl0uS4vG4qqqq1NbWJo/Ho2AwqJycnHQfIgAAAGCbtJ/Bf+eddzR9+vTkdl1dnebMmaPKykoF\nAgHV1tZKks6dO6fGxkZVVFRo+/btqqmpkWVZkqSamhpt3LhRlZWVunDhgpqbmyVJhw4dUlZWlnbv\n3q01a9bowIED6T48AAAAwFZpLfiRSETHjx/XypUrk2NNTU1aunSpJGnZsmUKhULJ8SVLlsjlcikv\nL0/5+fkKh8Pq7u5WX1+fCgsLJUmlpaXJfUKhUPK1Fi1apJaWlnQeHgAAAGC7tBb8V199Vffff78c\nDkdyLBaLyev1SpK8Xq9isZgkKRqNDlle4/P5FI1GFY1G5ff7k+N+v1/RaDS5z+BjTqdTmZmZ6u3t\nHfPjAgAAAMaLtK3B/+CDD5Sdna2ZM2eqtbX1ms/7w/J/swaX9Hxea2vrkDmUlZUNe47T6ZTT5Rpx\n/wyXSx6PZ3QmCU2ePJk8bUL29iJ/e5G/fcjeXuRvv4MHDyZ/DgQCCgQCo/r6aSv4p06dUlNTk44f\nP64rV66or69Pe/bskdfrVXd3d/Lv7OxsSVfP2Hd1dSX3j0Qi8vl88vl8ikQiw8YH9xncTiQS6uvr\nU1ZW1rC5pBJkIpFQYmBgxMfiAwPq6em57gwwMo/HQ542IXt7kb+9yN8+ZG8v8reXx+MZ8eTyaErb\nEp3vfOc72rdvn6qqqvTII4+oqKhIW7Zs0cKFC9XQ0CBJamhoUHFxsSSpuLhYx44dUzweV0dHh9rb\n21VYWCiv1yu3261wOCzLsnTkyBGVlJQk9zl8+LAkqbGxUUVFRek6PAAAAGBcSPtlMj9v7dq1qqio\nUH19vXJzcxUMBiVJBQUFWrx4sYLBoDIyMrRhw4bk8p3169dr7969yctkzp8/X5K0YsUK7dmzR1u3\nbpXH49G2bdtsOy4AAADADg7rWgvVJ5gXPrf2v2jLFhWsXKn/Xrt22HNX1dXJ//tPDXDz+KjQPmRv\nL/K3F/nbh+ztRf72mjZt2pi/B3eyBQAAAAxCwQcAAAAMQsEHAAAADELBBwAAAAxCwQcAAAAMQsEH\nAAAADELBBwAAAAxCwQcAAAAMQsEHAAAADELBBwAAAAxCwQcAAAAMQsEHAAAADELBBwAAAAxCwQcA\nAAAMQsEHAAAADELBBwAAAAxCwQcAAAAMQsEHAAAADELBBwAAAAxCwQcAAAAMQsEHAAAADELBBwAA\nAAxCwQcAAAAMQsEHAAAADELBBwAAAAxCwQcAAAAMQsEHAAAADELBBwAAAAxCwQcAAAAMQsEHAAAA\nDELBBwAAAAxCwQcAAAAMQsEHAAAADELBBwAAAAxCwQcAAAAMQsEHAAAADELBBwAAAAxCwQcAAAAM\nQsEHAAAADELBBwAAAAxCwQcAAAAMQsEHAAAADJJywX/nnXf06aefjuVcAAAAANykjFSfeOLECb3+\n+usKBAIqLS1VSUmJJk2aNJZzAwAAAHCdUi74jz/+uHp6evT+++/rF7/4hfbv36+/+Iu/UGlpqe66\n666xnCMAAACAFKVc8CXJ4/Ho61//ur7+9a/r7NmzqqqqUn19vXJycrRy5UqtXr1aU6ZMGau5AgAA\nAPgC11XwJamlpUVHjx5VKBTSrFmztHnzZuXk5Oidd97R008/rR/96EdjMU8AAAAAKUi54L/22ms6\nduyY3G63SktLtXPnTvl8vuTjd9xxhx588MExmSQAAACA1KRc8Pv7+/X9739fhYWFI79QRoaeeeaZ\nUZsYAAAAgOuXcsFft26dJk+ePGSst7dXV65cSZ7Jnz59+ujODgAAAMB1Sfk6+M8//7yi0eiQsWg0\nqhdeeGHUJwUAAADgxqRc8M+fP68ZM2YMGZsxY4Y++eSTUZ8UAAAAgBuTcsG/9dZb1d7ePmSsvb1d\nHo9n1CcFAAAA4MakvAZ/+fLl2rlzp+677z7ddtttam9v1xtvvKEVK1aM5fwAAAAAXIeUC/7atWuV\nkZGhn//854pEIvL7/VqxYoXuueeesZwfAAAAgOuQcsF3Op36xje+oW984xtjOR8AAAAAN+G67mR7\n/vx5nTlzRpcvXx4yzjIdAAAAYHxIueC/9dZbevPNN/WVr3xFt9xyy5DHKPgAAADA+JBywX/nnXf0\n9NNP6ytf+cpYzgcAAADATUi54E+ePJk71f6ea9IkRUKhIWOZ06ZpCvkAAADAZikX/L/7u7/Tv/zL\nv+hb3/qWsrOzhzzmdKZ8OX0jfBaJ6L0HHhgytqqujoIPAAAA26Vc8KurqyVJ77333rDH3njjjdGb\nEQAAAIAblnLBr6qqGst5AAAAABgFKRf83NxcSVIikVAsFtPUqVPHbFIAAAAAbkzKBf/ixYuqqanR\nL3/5y+QdbZuamhQOh3XfffeN5RwBAAAApCjlgr9//35lZmaqurpajz76qCRp9uzZeu2111Iq+P39\n/XrqqacUj8c1MDCgRYsW6Vvf+pZ6e3u1a9cudXZ2Ki8vT8FgUG63W5JUW1ur+vp6uVwulZeXa968\neZKktrY2VVdXq7+/XwsWLFB5ebkkKR6Pq6qqSm1tbfJ4PAoGg8rJybneTAAAAIAvrZQvf9PS0qIH\nH3xwyNKcW2+9VbFYLKX9J02apKeeekrPPfecnn/+eTU3NyscDquurk5z5sxRZWWlAoGAamtrJUnn\nzp1TY2OjKioqtH37dtXU1MiyLElSTU2NNm7cqMrKSl24cEHNzc2SpEOHDikrK0u7d+/WmjVrdODA\ngZSDAAAAAEyQcsF3u93q6ekZMtbV1XVda/EH74Db39+vgYEBSVJTU5OWLl0qSVq2bJlCv7++fFNT\nk5YsWSKXy6W8vDzl5+crHA6ru7tbfX19KiwslCSVlpYm9wmFQsnXWrRokVpaWlKeGwAAAGCClJfo\nrFy5Ujt37tR9990ny7L00Ucf6fXXX9df//Vfp/xmiURCP/jBD/Tb3/5Wq1atUmFhoWKxmLxeryTJ\n6/UmPxGIRqOaPXt2cl+fz6doNCqXyyW/358c9/v9ikajyX0GH3M6ncrMzFRvb6+ysrJSniMAAADw\nZZZywb/33ns1efJkvfzyyxoYGNC+ffv0ta99TatXr075zZxOp5577jldunRJL7zwgj7++ONhz3E4\nHCm/3hcZXNIDAAAATBQpF3yHw6HVq1dfV6G/FrfbrbvuukvNzc3yer3q7u5O/j14l1yfz6eurq7k\nPpFIRD6fTz6fT5FIZNj44D6D24lEQn19fSOevW9tbVVra2tyu6ysbNhznE6nnC7XiPMf6ZeQDJdL\nHo8nxQTwhyZPnkx2NiF7e5G/vcjfPmRvL/K338GDB5M/BwIBBQKBUX39lAv+iRMnrvlYUVHRF+7/\n6aefKiMjQ263W1euXFFLS4vuvfdeLVy4UA0NDVq7dq0aGhpUXFwsSSouLtbu3bt1zz33KBqNqr29\nXYWFhXI4HHK73QqHw5o1a5aOHDmiv/mbv0nuc/jwYd1xxx1qbGy85rxSCTKRSCjx++8JfN5InwzE\nBwaGfUcBqfF4PGRnE7K3F/nbi/ztQ/b2In97eTyeEU8uj6aUC/6+ffuGbH/66aeKx+Py+/0p3eW2\nu7tbe/fuVSKRkGVZWrJkib761a9q9uzZqqioUH19vXJzcxUMBiVJBQUFWrx4sYLBoDIyMrRhw4bk\nmfP169dr7969yctkzp8/X5K0YsUK7dmzR1u3bpXH49G2bdtSDgIAAAAwgcO6wYXqiURCb775pv7k\nT/5E99xzz2jPK+1e+Nyym6ItW1SwcqX+e+3aYc9d+dpreu+BB4aMraqrk7+kZEznaCrOJNiH7O1F\n/vYif/uQvb3I317Tpk0b8/dI+TKZw3Z0OvXNb35T//Ef/zGa8wEAAABwE2644EvSr3/9azmdN/US\nAAAAAEZRymvwH3rooSHbV65c0ZUrV7Rhw4ZRnxQAAACAG5Nywd+yZcuQ7VtuuUX5+flyu92jPikA\nAAAANyblgn/XXXeN5TwAAAAAjIKUC/6ePXtSusvs5s2bb2pCAAAAAG5cyt+QzczMVCgUUiKRSN4p\nNhQKye1267bbbkv+AQAAAGCflM/gX7hwQT/4wQ/0Z3/2Z8mxU6dO6c0339T3vve9MZkcAAAAgOuT\n8hn8jz76SHfccceQscLCQn300UejPikAAAAANyblgv+nf/qnev3113XlyhVJVy+T+W//9m+aOXPm\nWM0NAAAAwHVKeYnOpk2btHv3bn33u99VVlaWent7NWvWLG3dunUs5wcAAADgOqRc8PPy8rRjxw51\ndXXpd7/7naZOnaqcnJyxnBsAAACA65TyEh1J6unp0cmTJ3Xy5Enl5OQoGo0qEomM1dwAAAAAXKeU\nC/7Jkyf1yCOP6OjRo3rzzTclSe3t7dq/f/+YTQ4AAADA9Um54L/yyit65JFH9OSTT8rlckm6ehWd\n//u//xuzyQEAAAC4PikX/M7OTs2ZM2fIWEZGhgYGBkZ9UgAAAABuTMoFv6CgQM3NzUPGWlpaNGPG\njFGfFAAAAIAbk/JVdO6//349++yzWrBgga5cuaJ//ud/1q9+9Ss99thjYzk/AAAAANch5YI/e/Zs\nPf/88zp69KimTJminJwcPf300/L7/WM5PwAAAADXIaWCn0gk9KMf/UhPPvmk7r333rGeEwAAAIAb\nlNIafKfTqY6ODlmWNdbzAQAAAHATUv6S7d/+7d9q//796uzsVCKRGPIHAAAAwPiQ8hr8l156SZJ0\n5MiRYY+98cYbozcjAAAAADfsCwt+d3e3vF6vqqqq0jEfAAAAADfhC5fobNu2TZKUm5ur3Nxcvfrq\nq8mfB/8AAAAAGB++sOB//ou1ra2tYzYZAAAAADfnCwu+w+FIxzwAAAAAjIIvXIM/MDCgEydOJLcT\nicSQbUkqKioa/ZkBAAAAuG5fWPCzs7O1b9++5HZWVtaQbYfDwRdwAQAAgHHiCwv+3r170zEPAAAA\nAKMg5RtdAQAAABj/KPgAAACAQSj4AAAAgEEo+AAAAIBBKPgAAACAQSj4AAAAgEEo+AAAAIBBKPgA\nAACAQSj4AAAAgEEo+AAAAIBBKPgAAACAQSj4AAAAgEEo+AAAAIBBKPgAAACAQSj4AAAAgEEo+AAA\nAIBBKPgAAACAQSj4AAAAgEEo+AAAAIBBKPgAAACAQSj4AAAAgEEo+AAAAIBBKPgAAACAQSj4AAAA\ngEEo+AAAAIBBKPgAAACAQSj4AAAAgEEo+AAAAIBBKPgAAACAQSj4AAAAgEEo+AAAAIBBKPgAAACA\nQSj4AAAAgEEo+AAAAIBBKPgAAACAQSj4AAAAgEEy0vVGkUhEVVVVisVicjgcWrlypVavXq3e3l7t\n2rVLnZ2dysvLUzAYlNvtliTV1taqvr5eLpdL5eXlmjdvniSpra1N1dXV6u/v14IFC1ReXi5Jisfj\nqqqqUltbmzwej4LBoHJyctJ1iAAAAIDt0nYG3+Vy6bvf/a5efPFF/dM//ZPeffddffLJJ6qrq9Oc\nOXNUWVmpQCCg2tpaSdK5c+fU2NioiooKbd++XTU1NbIsS5JUU1OjjRs3qrKyUhcuXFBzc7Mk6dCh\nQ8rKytLu3bu1Zs0aHThwIF2HBwAAAIwLaSv4Xq9XM2fOlCRNmTJF06dPVyQSUVNTk5YuXSpJWrZs\nmUKhkCSpqalJS5YskcvlUl5envLz8xUOh9Xd3a2+vj4VFhZKkkpLS5P7hEKh5GstWrRILS0t6To8\nAAAAYFywZQ1+R0eHzp49q9mzZysWi8nr9Uq6+ktALBaTJEWj0SHLa3w+n6LRqKLRqPx+f3Lc7/cr\nGo0m9xl8zOl0KjMzU729vek6LAAAAMB2aVuDP+jy5ct68cUXVV5erilTpgx73OFwjNp7DS7p+bzW\n1la1trYmt8vKyoY9x+l0yulyjbj/SHPMcLnk8XhucKYT2+TJk8nOJmRvL/K3F/nbh+ztRf72O3jw\nYPLnQCCgQCAwqq+f1oI/MDCgnTt3qrS0VCUlJZKunrXv7u5O/p2dnS3p6hn7rq6u5L6RSEQ+n08+\nn0+RSGTY+OA+g9uJREJ9fX3KysoaNo9UgkwkEkoMDIz42Ei/OMQHBtTT0/MFCWAkHo+H7GxC9vYi\nf3uRv33I3l7kby+PxzPiyeXRlNYlOvv27VNBQYFWr16dHFu4cKEaGhokSQ0NDSouLpYkFRcX69ix\nY4rH4+ro6FB7e7sKCwvl9XrldrsVDodlWZaOHDmS/GWhuLhYhw8fliQ1NjaqqKgonYcHAAAA2C5t\nZ/BPnTqlo0ePasaMGXr88cflcDj07W9/W2vXrlVFRYXq6+uVm5urYDAoSSooKNDixYsVDAaVkZGh\nDRs2JJfGrF+/Xnv37k1eJnP+/PmSpBUrVmjPnj3aunWrPB6Ptm3blq7DAwAAAMaFtBX8O++8U2+8\n8caIj/3whz8ccXzdunVat27dsPHbb79dO3fuHDY+adIkPfroozc3UQAAAOBLjDvZAgAAAAah4AMA\nAAAGoeADAAAABqHgAwAAAAah4AMAAAAGSfudbE3lmjRJkVBo2HjmtGmaMn26DTMCAADARETBHyWf\nRSJ674EHho2vqquj4AMAACBtWKIDAAAAGISCDwAAABiEgg8AAAAYhIIPAAAAGISCDwAAABiEgg8A\nAAAYhIIPAAAAGISCDwAAABiEgg8AAAAYhIIPAAAAGISCDwAAABiEgg8AAAAYhIIPAAAAGISCDwAA\nABiEgg8AAAAYhIIPAAAAGISCDwAAABiEgg8AAAAYhIIPAAAAGISCDwAAABiEgg8AAAAYhIIPAAAA\nGISCDwAAABiEgg8AAAAYhIIPAAAAGISCDwAAABiEgg8AAAAYhIIPAAAAGISCDwAAABiEgg8AAAAY\nhIIPAAAAGISCDwAAABiEgg8AAAAYhIIPAAAAGISCDwAAABiEgg8AAAAYhIIPAAAAGISCDwAAABiE\ngg8AAADSr1J7AAAPfElEQVQYhIIPAAAAGISCDwAAABiEgg8AAAAYhIIPAAAAGISCDwAAABiEgg8A\nAAAYhIIPAAAAGISCDwAAABiEgg8AAAAYhIIPAAAAGISCDwAAABiEgg8AAAAYhIIPAAAAGCTD7gmY\nzjVpkiKh0LDxzGnTNGX6dBtmBAAAAJNR8MfYZ5GI3nvggWHjq+rqKPgAAAAYdSzRAQAAAAxCwQcA\nAAAMQsEHAAAADELBBwAAAAySti/Z7tu3Tx988IGys7P1wgsvSJJ6e3u1a9cudXZ2Ki8vT8FgUG63\nW5JUW1ur+vp6uVwulZeXa968eZKktrY2VVdXq7+/XwsWLFB5ebkkKR6Pq6qqSm1tbfJ4PAoGg8rJ\nyUnX4QEAAADjQtrO4C9fvlxPPvnkkLG6ujrNmTNHlZWVCgQCqq2tlSSdO3dOjY2Nqqio0Pbt21VT\nUyPLsiRJNTU12rhxoyorK3XhwgU1NzdLkg4dOqSsrCzt3r1ba9as0YEDB9J1aAAAAMC4kbaCf+ed\ndyozM3PIWFNTk5YuXSpJWrZsmUK/v158U1OTlixZIpfLpby8POXn5yscDqu7u1t9fX0qLCyUJJWW\nlib3CYVCyddatGiRWlpa0nVoAAAAwLhh6xr8WCwmr9crSfJ6vYrFYpKkaDQ6ZHmNz+dTNBpVNBqV\n3+9Pjvv9fkWj0eQ+g485nU5lZmaqt7c3XYcCAAAAjAvj6kZXDodj1F5rcEnPSFpbW9Xa2prcLisr\nG/Ycp9Mpp8s14v4jzfNac7/WeIbLJY/Hc805TiSTJ08mC5uQvb3I317kbx+ytxf52+/gwYPJnwOB\ngAKBwKi+vq0F3+v1qru7O/l3dna2pKtn7Lu6upLPi0Qi8vl88vl8ikQiw8YH9xncTiQS6uvrU1ZW\n1ojvm0qQiURCiYGBER8b6ZeHa/1Cca3x+MCAenp6/ugcJgqPx0MWNiF7e5G/vcjfPmRvL/K3l8fj\nGfHk8mhK6xIdy7KGFN6FCxeqoaFBktTQ0KDi4mJJUnFxsY4dO6Z4PK6Ojg61t7ersLBQXq9Xbrdb\n4XBYlmXpyJEjKikpSe5z+PBhSVJjY6OKiorSeWgAAADAuJC2M/iVlZU6efKkenp69NBDD6msrExr\n165VRUWF6uvrlZubq2AwKEkqKCjQ4sWLFQwGlZGRoQ0bNiSXuqxfv1579+5NXiZz/vz5kqQVK1Zo\nz5492rp1qzwej7Zt25auQwMAAADGjbQV/GsV7h/+8Icjjq9bt07r1q0bNn777bdr586dw8YnTZqk\nRx999OYmCQAAAHzJcSdbAAAAwCAUfAAAAMAgFHwAAADAIBR8AAAAwCAUfAAAAMAgFHwAAADAIBR8\nAAAAwCAUfAAAAMAgFHwAAADAIBR8AAAAwCAUfAAAAMAgFHwAAADAIBR8AAAAwCAUfAAAAMAgFHwA\nAADAIBl2T2Cick2apEgoNGw8c9o0TZk+3YYZAQAAwAQUfJt8FonovQceGDa+qq6Ogg8AAIAbxhId\nAAAAwCAUfAAAAMAgFHwAAADAIBR8AAAAwCAUfAAAAMAgFHwAAADAIBR8AAAAwCAUfAAAAMAgFHwA\nAADAIBR8AAAAwCAUfAAAAMAgFHwAAADAIBR8AAAAwCAUfAAAAMAgFHwAAADAIBR8AAAAwCAUfAAA\nAMAgFHwAAADAIBR8AAAAwCAUfAAAAMAgGXZPAEO5Jk1SJBQaNp45bZqmTJ9uw4wAAADwZULBH2c+\ni0T03gMPDBtfVVdHwQcAAMAXYokOAAAAYBAKPgAAAGAQCj4AAABgEAo+AAAAYBAKPgAAAGAQCj4A\nAABgEAo+AAAAYBAKPgAAAGAQbnT1JTHSHW65uy0AAAA+j4L/JTHSHW65uy0AAAA+jyU6AAAAgEEo\n+AAAAIBBKPgAAACAQSj4AAAAgEEo+AAAAIBBKPgAAACAQbhM5pfYSNfGl7g+PgAAwERGwf8SG+na\n+BLXxwcAAJjIWKIDAAAAGISCDwAAABiEgg8AAAAYhDX4BuLLtwAAABMXBd9AfPkWAABg4mKJDgAA\nAGAQzuBPICzdAQAAMB8FfwJh6Q4AAID5KPjgzD4AAIBBjCv4zc3NeuWVV2RZlpYvX661a9faPaVx\njzP7AAAA5jCq4CcSCb388sv6x3/8R02dOlXbt29XSUmJplNSb8hIZ/Zvyc7WZ7HYsOdyth8AAGB8\nMKrgh8Nh5efnKzc3V5J09913KxQKUfBv0Ehn9le+9tqIZ/tX/+IXunj+/LBxij8AAEB6GVXwo9Go\n/H5/ctvn8ykcDqe0b8mPfzxkO/erX9VAf/+ozs9k11rmc63i/4efBMRcLsUHBq756cD1jvNLBQAA\nmMgclmVZdk9itPzyl7/Uhx9+qL//+7+XJB05ckThcFjf+973hjyvtbVVra2tye2ysrK0zhMAAAAT\n18GDB5M/BwIBBQKBUX19o2505fP51NXVldyORqPy+XzDnhcIBFRWVpb884chI/3I3z5kby/ytxf5\n24fs7UX+9jp48OCQHjra5V4yrOAXFhaqvb1dnZ2disfjev/991VcXGz3tAAAAIC0MWoNvtPp1Pr1\n67Vjxw5ZlqUVK1aooKDA7mkBAAAAaWNUwZek+fPnq7Ky8rr2GYuPRpA68rcP2duL/O1F/vYhe3uR\nv73Skb9RX7IFAAAAJjqj1uADAAAAEx0FHwAAADAIBR8AAAAwiHFfsr1ezc3NeuWVV2RZlpYvX661\na9faPaUvpUgkoqqqKsViMTkcDq1cuVKrV69Wb2+vdu3apc7OTuXl5SkYDMrtdkuSamtrVV9fL5fL\npfLycs2bN0+S1NbWpurqavX392vBggUqLy+XJMXjcVVVVamtrU0ej0fBYFA5OTl2HfK4k0gktH37\ndvl8Pj3xxBNkn0aXLl3ST3/6U3388cdyOBx66KGHlJ+fT/5p8F//9V+qr6+Xw+HQjBkztGnTJl2+\nfJnsx8i+ffv0wQcfKDs7Wy+88IIkpe3fmoaGBtXW1kqSvvnNb2rp0qVpPnr7jZT/gQMH9Ktf/UoZ\nGRm67bbbtGnTJvIfIyPlP+jtt9/WgQMH9PLLLysrK0uSzflbE9jAwIC1efNmq6Ojw+rv77e+//3v\nW+fOnbN7Wl9Kv/vd76zTp09blmVZfX191tatW61z585ZP//5z626ujrLsiyrtrbWOnDggGVZlvXx\nxx9bjz32mBWPx63f/va31ubNm61EImFZlmVt377d+s1vfmNZlmU9/fTT1vHjxy3Lsqx3333X2r9/\nv2VZlvX+++9bFRUV6TzEce/tt9+2KisrrWeeecayLIvs06iqqso6dOiQZVmWFY/HrYsXL5J/GkQi\nEevhhx+2+vv7LcuyrBdffNGqr68n+zH0P//zP9bp06etf/iHf0iOpSPvnp4ea/PmzdbFixet3t7e\n5M8TzUj5f/jhh9bAwIBlWZZ14MAB61//9V8tyyL/sTBS/pZlWV1dXdaOHTusTZs2WT09PZZl2Z//\nhF6iEw6HlZ+fr9zcXGVkZOjuu+9WKBSye1pfSl6vVzNnzpQkTZkyRdOnT1ckElFTU1Pyt8xly5Yl\n821qatKSJUvkcrmUl5en/Px8hcNhdXd3q6+vT4WFhZKk0tLS5D6hUCj5WosWLVJLS0uaj3L8ikQi\nOn78uFauXJkcI/v0uHTpkk6dOqXly5dLklwul9xuN/mnSSKR0OXLlzUwMKArV67I5/OR/Ri68847\nlZmZOWRsLPM+ceKEJOnDDz/U3Llz5Xa7lZmZqblz56q5uTktxzyejJT/3Llz5XRerXN33HGHIpGI\nJPIfCyPlL0mvvvqq7r///iFjduc/oZfoRKNR+f3+5LbP51M4HLZxRmbo6OjQ2bNnNXv2bMViMXm9\nXklXfwmIxWKSrmY/e/bs5D4+n0/RaFQul2vIfxO/369oNJrcZ/Axp9OpzMxM9fb2Jj8Km8gG/3G5\ndOlScozs06Ojo0Mej0fV1dU6e/asbr/9dpWXl5N/Gvh8Pt1zzz3atGmTbrnlFs2dO1dz584l+zQb\ny7zdbrd6e3tH/P/14D74/+rr63X33XdLIv90aWpqkt/v14wZM4aM253/hD6Dj9F3+fJlvfjiiyov\nL9eUKVOGPe5wOEbtvSxu4SBJyfWAM2fO/KOZkP3YSCQSOn36tFatWqVnn31Wt9xyi+rq6oY9j/xH\n38WLF9XU1KTq6mq99NJL+uyzz3T06NFhzyP79CJve7z11ltyuVz6y7/8y1F7TfL/465cuaLa2lqV\nlZWNyevfTP4TuuD7fD51dXUlt6PRqHw+n40z+nIbGBjQzp07VVpaqpKSEklXz+Z0d3dLkrq7u5Wd\nnS1pePaRSEQ+n08+ny/58eIfjg/uM/hYIpFQX18fZ9EknTp1Sk1NTdq8ebMqKyt14sQJ7dmzh+zT\nxOfzye/3a9asWZKufqx6+vRp8k+DlpYW5eXlKSsrS06nU3/+53+u//3f/yX7NEtH3td6LVzV0NCg\n48ePa9u2bckx8h977e3t6ujo0GOPPaaHH35Y0WhUTzzxhGKxmO35T+iCX1hYqPb2dnV2dioej+v9\n999XcXGx3dP60tq3b58KCgq0evXq5NjChQvV0NAg6eo/QIP5FhcX69ixY4rH4+ro6FB7e7sKCwvl\n9XrldrsVDodlWZaOHDmS/GWhuLhYhw8fliQ1NjaqqKgovQc4Tn3nO9/Rvn37VFVVpUceeURFRUXa\nsmUL2aeJ1+uV3+/X+fPnJV0tnQUFBeSfBjk5OfrNb36jK1euyLIssk8Ty7KGnFlMR97z5s1TS0uL\nLl26pN7eXrW0tCSvSDLRfD7/5uZm/ed//qcef/xxTZo0KTlO/mPjD/OfMWOG9u/fr6qqKu3du1c+\nn0/PPvussrOzbc/fYU3wz1+am5v1s5/9TJZlacWKFVwm8wadOnVKTz31lGbMmCGHwyGHw6Fvf/vb\nKiwsVEVFhbq6upSbm6tgMJj8gkptba0OHTqkjIyMYZeP2rt3b/LyUQ8++KAkqb+/X3v27NGZM2fk\n8Xi0bds25eXl2XbM49HJkyf19ttvJy+TSfbpcebMGb300kuKx+PJy9QlEgnyT4N///d/17Fjx+Ry\nuTRz5kxt3LhRly9fJvsxUllZqZMnT6qnp0fZ2dkqKytTSUlJWvJuaGjQW2+9JYfDMWEv0zhS/rW1\ntYrH4/J4PJKuftF2w4YNksh/tI2U/+AFFiRp8+bNeuaZZ4ZcJtOu/Cd8wQcAAABMMqGX6AAAAACm\noeADAAAABqHgAwAAAAah4AMAAAAGoeADAAAABqHgAwAAAAah4AMAAAAG+X/hNmMGgnOgYwAAAABJ\nRU5ErkJggg==\n",
      "text/plain": [
       "<matplotlib.figure.Figure at 0x104146b38>"
      ]
     },
     "metadata": {},
     "output_type": "display_data"
    }
   ],
   "source": [
    "train_df['loss'].plot.hist(bins=100, color=\"darkred\")"
   ]
  },
  {
   "cell_type": "code",
   "execution_count": 9,
   "metadata": {
    "collapsed": false
   },
   "outputs": [
    {
     "data": {
      "text/plain": [
       "<matplotlib.axes._subplots.AxesSubplot at 0x11803ac88>"
      ]
     },
     "execution_count": 9,
     "metadata": {},
     "output_type": "execute_result"
    },
    {
     "data": {
